306400323247947779
254184483190874113
16917437260
337477019124260864
16117438735196160
354111454053548032
105459734412398592
135148954806530048
374936144422506496
312941318181642242
310291632647966720
29180131063
12565943883
264240472447406080
237880723846078465
85655317593063424
344973696055795713
321831151629115392
20306336191
53225014882865153
339729262535925760
383405885143646208
37693761945341952
307490318603919360
209426068409556993
278530928488378368
296783135616688128
143996287799398400
266322397559406592
95804956937949184
212046541563756545
250963063551971329
203810578379177985
396281086340112384
7439456983
156292515442593792
275183943081414656
250828814073098240
40257785086083072
174427968708423680
272357006642397185
371599529469964289
131220021874663424
2545758230
373639900270063617
202597693493743617
275437188244721664
165327798691573760
250698083388751872
258704134562267136
356686349287436290
130940901785731072
73355190606114816
115992154530267136
70725092270817280
18639485514
144065560605507584
255508009638326272
373360153199796224
314199931369959424
74638414615543809
224101923920412672
281788503023558656
132395472957616128
256687593071198208
380857603581947904
386660040058224640
52136948134985728
93577356589019136
352757108896317441
269008393988083712
25175579422625792
362729299096252416
153470242620837888
227056174112047104
133702511172403200
134117625767788544
277032909989351426
347863191168098304
172160956045082624
114177114491723776
260872525330923520
333896499152965633
312941318181642242
310291632647966720
29180131063
12565943883
264240472447406080
237880723846078465
212743385528803331
25024786789
386321599856521216
18264402845
368304673020579841
90672951887790080
116129002393042944
339729262535925760
383405885143646208
37693761945341952
307490318603919360
209426068409556993
278530928488378368
296783135616688128
143996287799398400
266322397559406592
95804956937949184
212046541563756545
250963063551971329
203810578379177985
396281086340112384
7439456983
156292515442593792
275183943081414656
250828814073098240
40257785086083072
174427968708423680
272357006642397185
371599529469964289
306400323247947779
254184483190874113
16917437260
337477019124260864
16117438735196160
354111454053548032
105459734412398592
135148954806530048
374936144422506496
333896499152965633
250698083388751872
131220021874663424
2545758230
373639900270063617
202597693493743617
275437188244721664
165327798691573760
258704134562267136
356686349287436290
130940901785731072
73355190606114816
115992154530267136
70725092270817280
18639485514
144065560605507584
255508009638326272
373360153199796224
314199931369959424
74638414615543809
224101923920412672
281788503023558656
132395472957616128
256687593071198208
380857603581947904
85655317593063424
344973696055795713
321831151629115392
20306336191
53225014882865153
386660040058224640
52136948134985728
93577356589019136
352757108896317441
269008393988083712
25175579422625792
362729299096252416
153470242620837888
227056174112047104
133702511172403200
134117625767788544
277032909989351426
347863191168098304
172160956045082624
114177114491723776
260872525330923520
143996287799398400
95804956937949184
212046541563756545
250963063551971329
203810578379177985
396281086340112384
7439456983
156292515442593792
275183943081414656
250828814073098240
40257785086083072
174427968708423680
272357006642397185
371599529469964289
306400323247947779
254184483190874113
16917437260
337477019124260864
16117438735196160
266322397559406592
354111454053548032
105459734412398592
135148954806530048
374936144422506496
312941318181642242
310291632647966720
29180131063
12565943883
264240472447406080
237880723846078465
212743385528803331
25024786789
386321599856521216
18264402845
368304673020579841
90672951887790080
116129002393042944
25175579422625792
362729299096252416
153470242620837888
227056174112047104
133702511172403200
134117625767788544
277032909989351426
347863191168098304
172160956045082624
114177114491723776
260872525330923520
333896499152965633
250698083388751872
131220021874663424
2545758230
373639900270063617
202597693493743617
275437188244721664
165327798691573760
258704134562267136
356686349287436290
130940901785731072
73355190606114816
115992154530267136
70725092270817280
18639485514
144065560605507584
255508009638326272
373360153199796224
314199931369959424
74638414615543809
224101923920412672
281788503023558656
132395472957616128
256687593071198208
380857603581947904
85655317593063424
344973696055795713
321831151629115392
20306336191
53225014882865153
339729262535925760
383405885143646208
37693761945341952
307490318603919360
209426068409556993
278530928488378368
296783135616688128
386660040058224640
52136948134985728
93577356589019136
352757108896317441
269008393988083712
212743385528803331
25024786789
386321599856521216
18264402845
368304673020579841
90672951887790080
116129002393042944
